Období,Vstup,Výstup,Obrat
1.1.2020,409528,409423,818951
2.1.2020,839243,838548,1677791
3.1.2020,852336,857702,1710038
4.1.2020,492748,491636,984384
5.1.2020,451058,450907,901965
6.1.2020,1083662,1095032,2178694
7.1.2020,1083843,1095742,2179585
8.1.2020,1092338,1104242,2196580
9.1.2020,1082687,1094356,2177043
10.1.2020,1042813,1054501,2097314
11.1.2020,510055,510968,1021023
12.1.2020,447109,450025,897134
13.1.2020,1071413,1085249,2156662
14.1.2020,1093139,1110932,2204071
15.1.2020,1117043,1131261,2248304
16.1.2020,1110767,1125744,2236511
17.1.2020,1054433,1065983,2120416
18.1.2020,523975,524965,1048940
19.1.2020,444115,444700,888815
20.1.2020,1057306,1070824,2128130
21.1.2020,1102920,1118099,2221019
22.1.2020,1109383,1126665,2236048
23.1.2020,1094671,1111298,2205969
24.1.2020,1017462,1035785,2053247
25.1.2020,516722,519569,1036291
26.1.2020,449917,450283,900200
27.1.2020,1050169,1067038,2117207
28.1.2020,1064438,1081454,2145892
29.1.2020,1087231,1105365,2192596
30.1.2020,1075407,1098189,2173596
31.1.2020,947827,959664,1907491
1.2.2020,505672,508291,1013963
2.2.2020,446026,447298,893324
3.2.2020,1048319,1064610,2112929
4.2.2020,1091416,1095438,2186854
5.2.2020,1091020,1104945,2195965
6.2.2020,1080667,1098493,2179160
7.2.2020,1040147,1055625,2095772
8.2.2020,560931,564932,1125863
9.2.2020,471974,475604,947578
10.2.2020,1025726,1035840,2061566
11.2.2020,1106265,1117352,2223617
12.2.2020,1132161,1146410,2278571
13.2.2020,1132953,1146018,2278971
14.2.2020,1096432,1109026,2205458
15.2.2020,578708,581420,1160128
16.2.2020,465382,467225,932607
17.2.2020,1023133,1036925,2060058
18.2.2020,1062132,1078819,2140951
19.2.2020,1058326,1069529,2127855
20.2.2020,1049446,1065654,2115100
21.2.2020,976789,990909,1967698
22.2.2020,560709,563294,1124003
23.2.2020,461714,461546,923260
24.2.2020,1065333,1077015,2142348
25.2.2020,1083055,1093554,2176609
26.2.2020,1083427,1097024,2180451
27.2.2020,1065822,1078593,2144415
28.2.2020,992395,1004732,1997127
29.2.2020,506789,509568,1016357
1.3.2020,468231,470382,938613
2.3.2020,1051367,1064874,2116241
3.3.2020,1081591,1078165,2159756
4.3.2020,1084014,1097338,2181352
5.3.2020,1061144,1074309,2135453
6.3.2020,1012321,1023378,2035699
7.3.2020,502440,502339,1004779
8.3.2020,458816,461727,920543
9.3.2020,1022407,1037051,2059458
10.3.2020,1009287,1021603,2030890
11.3.2020,847459,838058,1685517
12.3.2020,739409,747202,1486611
13.3.2020,587444,592863,1180307
14.3.2020,232619,231948,464567
15.3.2020,179701,177306,357007
16.3.2020,309390,310903,620293
17.3.2020,221588,221786,443374
18.3.2020,217571,217526,435097
19.3.2020,201944,202030,403974
20.3.2020,202035,201069,403104
21.3.2020,107342,105935,213277
22.3.2020,90266,89243,179509
23.3.2020,208524,208487,417011
24.3.2020,203083,203661,406744
25.3.2020,211925,211661,423586
26.3.2020,204222,205661,409883
27.3.2020,203534,203859,407393
28.3.2020,117414,116828,234242
29.3.2020,93054,92636,185690
30.3.2020,217300,218271,435571
31.3.2020,210781,211559,422340
1.4.2020,220033,221418,441451
2.4.2020,215596,216763,432359
3.4.2020,209134,209541,418675
4.4.2020,117930,117420,235350
5.4.2020,107691,107083,214774
6.4.2020,234488,234847,469335
7.4.2020,232161,232646,464807
8.4.2020,243961,245077,489038
9.4.2020,244539,245451,489990
10.4.2020,144243,143065,287308
11.4.2020,129147,126580,255727
12.4.2020,112354,111100,223454
13.4.2020,95555,94711,190266
14.4.2020,249509,249429,498938
15.4.2020,266263,267505,533768
16.4.2020,263285,264921,528206
17.4.2020,255872,257537,513409
18.4.2020,152258,152018,304276
19.4.2020,117112,116815,233927
20.4.2020,276733,277794,554527
21.4.2020,280179,281510,561689
22.4.2020,297365,298391,595756
23.4.2020,293954,295799,589753
24.4.2020,284109,284477,568586
25.4.2020,162403,161473,323876
26.4.2020,149050,147755,296805
27.4.2020,341708,343867,685575
28.4.2020,344694,345575,690269
29.4.2020,347532,347590,695122
30.4.2020,354093,354292,708385
1.5.2020,196280,201545,397825
2.5.2020,176162,175977,352139
3.5.2020,160903,160727,321630
4.5.2020,388247,388463,776710
5.5.2020,387772,393024,780796
6.5.2020,405524,409839,815363
7.5.2020,407952,414333,822285
8.5.2020,201667,204390,406057
9.5.2020,210646,209279,419925
10.5.2020,179082,178485,357567
11.5.2020,490187,488141,978328
12.5.2020,510351,512035,1022386
13.5.2020,522781,524519,1047300
14.5.2020,502854,506562,1009416
15.5.2020,476213,478382,954595
16.5.2020,279538,275947,555485
17.5.2020,238660,234469,473129
18.5.2020,550689,549305,1099994
19.5.2020,561560,562236,1123796
20.5.2020,568641,570472,1139113
21.5.2020,565120,566417,1131537
22.5.2020,518912,518716,1037628
23.5.2020,240089,234367,474456
24.5.2020,248024,243290,491314
25.5.2020,592455,593849,1186304
26.5.2020,619832,623069,1242901
27.5.2020,652938,653434,1306372
28.5.2020,625566,623834,1249400
29.5.2020,593434,594438,1187872
30.5.2020,332970,330790,663760
31.5.2020,254467,251637,506104
1.6.2020,679582,678982,1358564
2.6.2020,694212,694517,1388729
3.6.2020,702986,703263,1406249
4.6.2020,682490,683662,1366152
5.6.2020,620808,622801,1243609
6.6.2020,325558,321150,646708
7.6.2020,275444,272878,548322
8.6.2020,696026,699258,1395284
9.6.2020,726074,727921,1453995
10.6.2020,742471,738935,1481406
11.6.2020,731433,733898,1465331
12.6.2020,690654,690086,1380740
13.6.2020,366117,361269,727386
14.6.2020,276898,271016,547914
15.6.2020,742943,741652,1484595
16.6.2020,773408,772370,1545778
17.6.2020,781848,781753,1563601
18.6.2020,751282,751175,1502457
19.6.2020,683796,683275,1367071
20.6.2020,341309,333390,674699
21.6.2020,316906,314453,631359
22.6.2020,767005,767534,1534539
23.6.2020,803807,809457,1613264
24.6.2020,803316,804595,1607911
25.6.2020,794037,794136,1588173
26.6.2020,731495,728765,1460260
27.6.2020,390418,382807,773225
28.6.2020,335940,329760,665700
29.6.2020,739421,733607,1473028
30.6.2020,798160,795066,1593226
1.7.2020,763890,761326,1525216
2.7.2020,708508,706019,1414527
3.7.2020,629155,626398,1255553
4.7.2020,320730,315382,636112
5.7.2020,267692,262954,530646
6.7.2020,290459,286548,577007
7.7.2020,630277,629982,1260259
8.7.2020,661101,655501,1316602
9.7.2020,634343,635284,1269627
10.7.2020,587250,584289,1171539
11.7.2020,303961,299978,603939
12.7.2020,289838,284001,573839
13.7.2020,669148,664041,1333189
14.7.2020,709314,704627,1413941
15.7.2020,707519,701063,1408582
16.7.2020,684440,678227,1362667
17.7.2020,625946,619264,1245210
18.7.2020,354804,346243,701047
19.7.2020,316820,309082,625902
20.7.2020,668353,661613,1329966
21.7.2020,687143,681770,1368913
22.7.2020,706910,701741,1408651
23.7.2020,674874,672738,1347612
24.7.2020,610330,604170,1214500
25.7.2020,341377,333955,675332
26.7.2020,281655,274225,555880
27.7.2020,654356,647565,1301921
28.7.2020,646581,645720,1292301
29.7.2020,678959,674303,1353262
30.7.2020,657148,652919,1310067
31.7.2020,594479,588811,1183290
1.8.2020,326233,319556,645789
2.8.2020,289690,281993,571683
3.8.2020,634008,624441,1258449
4.8.2020,667935,662192,1330127
5.8.2020,705210,700527,1405737
6.8.2020,669555,663409,1332964
7.8.2020,602361,595439,1197800
8.8.2020,335802,329051,664853
9.8.2020,304631,296378,601009
10.8.2020,635771,627429,1263200
11.8.2020,660788,656312,1317100
12.8.2020,675590,669778,1345368
13.8.2020,648851,644863,1293714
14.8.2020,606752,596264,1203016
15.8.2020,360475,349689,710164
16.8.2020,336703,327721,664424
17.8.2020,676232,670797,1347029
18.8.2020,690307,682145,1372452
19.8.2020,706670,700018,1406688
20.8.2020,686240,678254,1364494
21.8.2020,604685,595447,1200132
22.8.2020,335261,326339,661600
23.8.2020,328713,319674,648387
24.8.2020,695733,689734,1385467
25.8.2020,728991,721880,1450871
26.8.2020,730710,726060,1456770
27.8.2020,709989,706384,1416373
28.8.2020,656167,649151,1305318
29.8.2020,352857,345481,698338
30.8.2020,318204,312130,630334
31.8.2020,738956,732968,1471924
1.9.2020,818495,814065,1632560
2.9.2020,833095,828524,1661619
3.9.2020,815528,810254,1625782
4.9.2020,743706,739735,1483441
5.9.2020,376079,367531,743610
6.9.2020,335734,329984,665718
7.9.2020,790467,785676,1576143
8.9.2020,809134,803554,1612688
9.9.2020,813055,802131,1615186
10.9.2020,764772,761087,1525859
11.9.2020,714586,709319,1423905
12.9.2020,363662,355628,719290
13.9.2020,329726,322382,652108
14.9.2020,767233,763360,1530593
15.9.2020,784361,773989,1558350
16.9.2020,790287,780265,1570552
17.9.2020,764291,756373,1520664
18.9.2020,717605,713479,1431084
19.9.2020,360952,356630,717582
20.9.2020,324766,322480,647246
21.9.2020,727666,729923,1457589
22.9.2020,739858,735890,1475748
23.9.2020,748972,745151,1494123
24.9.2020,736582,733740,1470322
25.9.2020,660269,650604,1310873
26.9.2020,291719,281618,573337
27.9.2020,287129,284514,571643
28.9.2020,260263,257684,517947
29.9.2020,748494,740153,1488647
30.9.2020,771781,767736,1539517
1.10.2020,741806,743959,1485765
2.10.2020,704892,703960,1408852
3.10.2020,344781,338191,682972
4.10.2020,311963,308919,620882
5.10.2020,672540,668515,1341055
6.10.2020,684609,683214,1367823
7.10.2020,697732,694514,1392246
8.10.2020,673786,672516,1346302
9.10.2020,614186,607982,1222168
10.10.2020,277009,271261,548270
11.10.2020,262460,258495,520955
12.10.2020,593914,591981,1185895
13.10.2020,591252,588915,1180167
14.10.2020,532965,515299,1048264
15.10.2020,504801,500885,1005686
16.10.2020,463853,460651,924504
17.10.2020,227613,223992,451605
18.10.2020,213877,208313,422190
19.10.2020,483236,477631,960867
20.10.2020,479946,477363,957309
21.10.2020,510567,507809,1018376
22.10.2020,396126,395203,791329
23.10.2020,370047,366728,736775
24.10.2020,190582,187978,378560
25.10.2020,180002,177618,357620
26.10.2020,385552,383526,769078
27.10.2020,382227,380089,762316
28.10.2020,167696,165900,333596
29.10.2020,346780,344258,691038
30.10.2020,331390,327684,659074
31.10.2020,179300,177181,356481
1.11.2020,131495,128822,260317
2.11.2020,399011,394910,793921
3.11.2020,380863,380054,760917
4.11.2020,394504,392102,786606
5.11.2020,391147,390240,781387
6.11.2020,377373,374957,752330
7.11.2020,189704,185961,375665
8.11.2020,143350,140093,283443
9.11.2020,403858,403322,807180
10.11.2020,402392,401226,803618
11.11.2020,415351,414862,830213
12.11.2020,407546,406835,814381
13.11.2020,397425,395401,792826
14.11.2020,213075,210639,423714
15.11.2020,156993,154266,311259
16.11.2020,378798,376935,755733
17.11.2020,237776,234187,471963
18.11.2020,454906,451738,906644
19.11.2020,439146,438608,877754
20.11.2020,426969,424326,851295
21.11.2020,224539,221589,446128
22.11.2020,171357,169320,340677
23.11.2020,456920,456355,913275
24.11.2020,460232,458553,918785
25.11.2020,495788,491952,987740
26.11.2020,478230,477601,955831
27.11.2020,460135,458413,918548
28.11.2020,229034,225281,454315
29.11.2020,194643,191043,385686
30.11.2020,522333,520613,1042946
1.12.2020,520311,518650,1038961
2.12.2020,532477,532024,1064501
3.12.2020,617963,617750,1235713
4.12.2020,596438,595014,1191452
5.12.2020,345447,339082,684529
6.12.2020,282687,278160,560847
7.12.2020,645184,642569,1287753
8.12.2020,665597,660545,1326142
9.12.2020,658158,654881,1313039
10.12.2020,656429,653608,1310037
11.12.2020,636848,631922,1268770
12.12.2020,352676,346560,699236
13.12.2020,286906,281849,568755
14.12.2020,659770,655942,1315712
15.12.2020,666411,662697,1329108
16.12.2020,686568,680937,1367505
17.12.2020,683546,678883,1362429
18.12.2020,602588,596881,1199469
19.12.2020,297870,291227,589097
20.12.2020,251587,246387,497974
21.12.2020,538459,533399,1071858
22.12.2020,494372,489265,983637
23.12.2020,388865,380449,769314
24.12.2020,134551,132281,266832
25.12.2020,114702,111799,226501
26.12.2020,153825,149851,303676
27.12.2020,168375,164991,333366
28.12.2020,295143,290939,586082
29.12.2020,300294,297548,597842
30.12.2020,306252,303104,609356
31.12.2020,219849,219877,439726
1.1.2021,105696,104129,209825
2.1.2021,155315,152524,307839
3.1.2021,146247,143269,289516
4.1.2021,427378,421930,849308
5.1.2021,422548,418757,841305
6.1.2021,440096,434787,874883
7.1.2021,420542,418696,839238
8.1.2021,403064,399558,802622
9.1.2021,185927,183415,369342
10.1.2021,168333,164960,333293
11.1.2021,452108,448977,901085
12.1.2021,443317,439786,883103
13.1.2021,460165,456832,916997
14.1.2021,446509,444886,891395
15.1.2021,420819,420104,840923
16.1.2021,197654,194457,392111
17.1.2021,170294,167736,338030
18.1.2021,456722,454683,911405
19.1.2021,461177,458592,919769
20.1.2021,478338,477122,955460
21.1.2021,465152,462184,927336
22.1.2021,435674,434159,869833
23.1.2021,190897,188310,379207
24.1.2021,181646,180019,361665
25.1.2021,470068,470102,940170
26.1.2021,465551,465522,931073
27.1.2021,484822,483791,968613
28.1.2021,466908,465655,932563
29.1.2021,421721,416547,838268
30.1.2021,191628,188525,380153
31.1.2021,202134,199108,401242
1.2.2021,474852,474143,948995
2.2.2021,472085,470277,942362
3.2.2021,482207,477209,959416
4.2.2021,478342,474612,952954
5.2.2021,443251,438400,881651
6.2.2021,192108,187906,380014
7.2.2021,185517,181616,367133
8.2.2021,514772,508172,1022944
9.2.2021,499800,489441,989241
10.2.2021,505693,497542,1003235
11.2.2021,479974,476429,956403
12.2.2021,450833,446676,897509
13.2.2021,197286,194567,391853
14.2.2021,184573,182348,366921
15.2.2021,475785,475119,950904
16.2.2021,471339,467304,938643
17.2.2021,484999,480104,965103
18.2.2021,471054,467905,938959
19.2.2021,443626,439885,883511
20.2.2021,233128,229113,462241
21.2.2021,185348,181371,366719
22.2.2021,451033,448091,899124
23.2.2021,453643,452264,905907
24.2.2021,464351,460682,925033
25.2.2021,441767,438786,880553
26.2.2021,416952,414010,830962
27.2.2021,200724,197279,398003
28.2.2021,202645,199036,401681
1.3.2021,374491,372247,746738
2.3.2021,360525,358366,718891
3.3.2021,369317,366164,735481
4.3.2021,357484,355175,712659
5.3.2021,339167,336572,675739
6.3.2021,181447,178792,360239
7.3.2021,160437,158199,318636
8.3.2021,373127,370816,743943
9.3.2021,368768,366640,735408
10.3.2021,379379,377393,756772
11.3.2021,364267,361315,725582
12.3.2021,356471,354120,710591
13.3.2021,174103,172028,346131
14.3.2021,153347,150402,303749
15.3.2021,384391,381105,765496
16.3.2021,377188,373861,751049
17.3.2021,385464,382358,767822
18.3.2021,378733,376254,754987
19.3.2021,359239,358674,717913
20.3.2021,182317,180585,362902
21.3.2021,149645,147408,297053
22.3.2021,394526,392384,786910
23.3.2021,387925,386159,774084
24.3.2021,405967,403763,809730
25.3.2021,403229,402532,805761
26.3.2021,389340,386348,775688
27.3.2021,188532,187239,375771
28.3.2021,177880,175677,353557
29.3.2021,411509,408470,819979
30.3.2021,430338,427435,857773
31.3.2021,444124,440628,884752
1.4.2021,426356,423414,849770
2.4.2021,174103,172331,346434
3.4.2021,169362,167740,337102
4.4.2021,169252,166492,335744
5.4.2021,135507,133535,269042
6.4.2021,411203,407618,818821
7.4.2021,421227,419602,840829
8.4.2021,417392,415779,833171
9.4.2021,406698,404200,810898
10.4.2021,205747,203119,408866
11.4.2021,210144,207694,417838
12.4.2021,454412,450975,905387
13.4.2021,462281,460104,922385
14.4.2021,480414,478287,958701
15.4.2021,466562,463944,930506
16.4.2021,435245,431273,866518
17.4.2021,211238,207776,419014
18.4.2021,201649,197866,399515
19.4.2021,469589,467611,937200
20.4.2021,489438,487654,977092
21.4.2021,504934,502157,1007091
22.4.2021,489186,486316,975502
23.4.2021,465126,462000,927126
24.4.2021,256952,252320,509272
25.4.2021,220504,216679,437183
26.4.2021,500330,497059,997389
27.4.2021,509789,508068,1017857
28.4.2021,532738,530484,1063222
29.4.2021,510590,509551,1020141
30.4.2021,487787,484369,972156
1.5.2021,229670,225634,455304
2.5.2021,176569,172654,349223
3.5.2021,533221,530738,1063959
4.5.2021,542242,538504,1080746
5.5.2021,547448,545177,1092625
6.5.2021,535105,533679,1068784
7.5.2021,498484,495655,994139
8.5.2021,240790,236688,477478
9.5.2021,272380,266661,539041
10.5.2021,608856,602689,1211545
11.5.2021,615437,610278,1225715
12.5.2021,592519,586965,1179484
13.5.2021,601120,586146,1187266
14.5.2021,566130,559076,1125206
15.5.2021,312652,307073,619725
16.5.2021,268957,264667,533624
17.5.2021,606566,604183,1210749
18.5.2021,620670,619381,1240051
19.5.2021,640204,641163,1281367
20.5.2021,634287,631479,1265766
21.5.2021,596183,592284,1188467
22.5.2021,321481,314843,636324
23.5.2021,272383,267525,539908
24.5.2021,667675,665522,1333197
25.5.2021,675413,671626,1347039
26.5.2021,686072,683983,1370055
27.5.2021,673390,671145,1344535
28.5.2021,638558,634100,1272658
29.5.2021,324878,319947,644825
30.5.2021,285426,280867,566293
31.5.2021,679109,677001,1356110
1.6.2021,712893,710321,1423214
2.6.2021,728789,725226,1454015
3.6.2021,716373,711712,1428085
4.6.2021,676431,670155,1346586
5.6.2021,340947,333734,674681
6.6.2021,302060,295560,597620
7.6.2021,719612,714247,1433859
8.6.2021,739705,732670,1472375
9.6.2021,744132,738461,1482593
10.6.2021,741826,734561,1476387
11.6.2021,692498,684024,1376522
12.6.2021,355458,346468,701926
13.6.2021,311319,304900,616219
14.6.2021,735037,727525,1462562
15.6.2021,767270,760316,1527586
16.6.2021,785605,779848,1565453
17.6.2021,771446,764601,1536047
18.6.2021,710365,701115,1411480
19.6.2021,370948,362268,733216
20.6.2021,334245,326504,660749
21.6.2021,757903,751066,1508969
22.6.2021,762769,748262,1511031
23.6.2021,794234,784946,1579180
24.6.2021,787657,780085,1567742
25.6.2021,712429,699973,1412402
26.6.2021,384181,377235,761416
27.6.2021,347589,342571,690160
28.6.2021,770791,766746,1537537
29.6.2021,786416,778626,1565042
30.6.2021,792332,789403,1581735
1.7.2021,701251,696520,1397771
2.7.2021,611450,603253,1214703
3.7.2021,342061,334887,676948
4.7.2021,303289,296206,599495
5.7.2021,302496,297320,599816
6.7.2021,316340,311012,627352
7.7.2021,593484,584737,1178221
8.7.2021,571737,566872,1138609
9.7.2021,537595,533179,1070774
10.7.2021,336510,330794,667304
11.7.2021,288201,282085,570286
12.7.2021,643983,641657,1285640
13.7.2021,667383,662921,1330304
14.7.2021,678079,669293,1347372
15.7.2021,690936,687448,1378384
16.7.2021,645757,638094,1283851
17.7.2021,361783,352449,714232
18.7.2021,343315,336000,679315
19.7.2021,661275,655572,1316847
20.7.2021,677964,672620,1350584
21.7.2021,693866,689419,1383285
22.7.2021,670219,665678,1335897
23.7.2021,617091,611620,1228711
24.7.2021,370175,363794,733969
25.7.2021,329281,322924,652205
26.7.2021,651082,643384,1294466
27.7.2021,679242,673704,1352946
28.7.2021,689964,680570,1370534
29.7.2021,671338,666381,1337719
30.7.2021,618981,612514,1231495
31.7.2021,382048,373938,755986
1.8.2021,308766,299833,608599
2.8.2021,658848,652568,1311416
3.8.2021,682781,677801,1360582
4.8.2021,686037,681684,1367721
5.8.2021,664318,656064,1320382
6.8.2021,617942,611873,1229815
7.8.2021,412925,406868,819793
8.8.2021,358385,353646,712031
9.8.2021,664965,662458,1327423
10.8.2021,695059,689131,1384190
11.8.2021,707575,701136,1408711
12.8.2021,683576,681209,1364785
13.8.2021,629330,622187,1251517
14.8.2021,395867,386354,782221
15.8.2021,354638,345222,699860
16.8.2021,664605,658096,1322701
17.8.2021,696360,689489,1385849
18.8.2021,710186,702461,1412647
19.8.2021,688941,679411,1368352
20.8.2021,635947,628924,1264871
21.8.2021,411065,402813,813878
22.8.2021,345522,336422,681944
23.8.2021,676366,671119,1347485
24.8.2021,695186,687591,1382777
25.8.2021,742619,736591,1479210
26.8.2021,697917,688859,1386776
27.8.2021,651202,646323,1297525
28.8.2021,400267,394275,794542
29.8.2021,361855,356238,718093
30.8.2021,734046,731102,1465148
31.8.2021,738507,733255,1471762
1.9.2021,821993,820171,1642164
2.9.2021,810094,809282,1619376
3.9.2021,765338,761370,1526708
4.9.2021,429620,422126,851746
5.9.2021,372756,365772,738528
6.9.2021,794560,790766,1585326
7.9.2021,816627,811204,1627831
8.9.2021,841368,837596,1678964
9.9.2021,816844,808616,1625460
10.9.2021,773385,766844,1540229
11.9.2021,430361,418544,848905
12.9.2021,374208,369018,743226
13.9.2021,808303,804563,1612866
14.9.2021,835568,832111,1667679
15.9.2021,860057,856513,1716570
16.9.2021,852066,842311,1694377
17.9.2021,792066,787932,1579998
18.9.2021,438840,431355,870195
19.9.2021,384452,377951,762403
20.9.2021,824029,821729,1645758
21.9.2021,847760,844564,1692324
22.9.2021,864911,860417,1725328
23.9.2021,862381,859686,1722067
24.9.2021,780973,775314,1556287
25.9.2021,448356,436398,884754
26.9.2021,386557,376263,762820
27.9.2021,657017,647927,1304944
28.9.2021,394117,386190,780307
29.9.2021,882513,874487,1757000
30.9.2021,884676,879191,1763867
1.10.2021,824420,817781,1642201
2.10.2021,438818,431498,870316
3.10.2021,392325,385078,777403
4.10.2021,869865,860645,1730510
5.10.2021,901127,889494,1790621
6.10.2021,913666,900905,1814571
7.10.2021,897688,886057,1783745
8.10.2021,854109,845249,1699358
9.10.2021,442623,434195,876818
10.10.2021,382799,373809,756608
11.10.2021,868624,861104,1729728
12.10.2021,914174,901239,1815413
13.10.2021,917569,911187,1828756
14.10.2021,909077,904439,1813516
15.10.2021,874384,869921,1744305
16.10.2021,512476,505349,1017825
17.10.2021,414518,408400,822918
18.10.2021,878388,875581,1753969
19.10.2021,906628,900941,1807569
20.10.2021,928370,924855,1853225
21.10.2021,911265,906671,1817936
22.10.2021,846826,843578,1690404
23.10.2021,446958,439332,886290
24.10.2021,389812,384426,774238
25.10.2021,827908,822227,1650135
26.10.2021,855915,850059,1705974
27.10.2021,839306,832187,1671493
28.10.2021,373152,364329,737481
29.10.2021,619037,610491,1229528
30.10.2021,405372,397081,802453
31.10.2021,371835,364939,736774
1.11.2021,868309,861429,1729738
2.11.2021,877984,873553,1751537
3.11.2021,895216,893398,1788614
4.11.2021,882193,873439,1755632
5.11.2021,822023,816240,1638263
6.11.2021,438345,430637,868982
7.11.2021,356399,351640,708039
8.11.2021,835668,831618,1667286
9.11.2021,858641,857312,1715953
10.11.2021,875872,873556,1749428
11.11.2021,861240,860543,1721783
12.11.2021,808713,803497,1612210
13.11.2021,433839,427425,861264
14.11.2021,361247,356216,717463
15.11.2021,825585,823372,1648957
16.11.2021,862729,862443,1725172
17.11.2021,468445,463518,931963
18.11.2021,808047,807320,1615367
19.11.2021,762516,760151,1522667
20.11.2021,416052,409683,825735
21.11.2021,355054,349683,704737
22.11.2021,805331,804987,1610318
23.11.2021,818766,818865,1637631
24.11.2021,820921,821223,1642144
25.11.2021,808229,809627,1617856
26.11.2021,761463,764039,1525502
27.11.2021,412063,409723,821786
28.11.2021,349719,348005,697724
29.11.2021,786861,790545,1577406
30.11.2021,785296,786604,1571900
1.12.2021,796201,796243,1592444
2.12.2021,785576,787629,1573205
3.12.2021,757767,760540,1518307
4.12.2021,411127,405868,816995
5.12.2021,353534,349176,702710
6.12.2021,785653,787783,1573436
7.12.2021,804859,807900,1612759
8.12.2021,824609,827478,1652087
9.12.2021,816272,817057,1633329
10.12.2021,777537,780439,1557976
11.12.2021,436190,431364,867554
12.12.2021,378492,374344,752836
13.12.2021,807613,810548,1618161
14.12.2021,831783,834097,1665880
15.12.2021,863133,862459,1725592
16.12.2021,850878,855434,1706312
17.12.2021,812290,815151,1627441
18.12.2021,467184,460919,928103
19.12.2021,381083,375754,756837
20.12.2021,807691,811307,1618998
21.12.2021,805523,806114,1611637
22.12.2021,751675,754765,1506440
23.12.2021,509071,508926,1017997
24.12.2021,201821,200591,402412
25.12.2021,180808,178584,359392
26.12.2021,221771,218483,440254
27.12.2021,458206,457531,915737
28.12.2021,480631,479489,960120
29.12.2021,491632,489632,981264
30.12.2021,479131,476997,956128
31.12.2021,387629,385629,773258
1.1.2022,192496,188860,381356
2.1.2022,285732,282180,567912
3.1.2022,702134,705226,1407360
4.1.2022,727648,724815,1452463
5.1.2022,747754,747152,1494906
6.1.2022,727856,730852,1458708
7.1.2022,685743,686405,1372148
8.1.2022,333898,332121,666019
9.1.2022,293707,291167,584874
10.1.2022,722020,718977,1440997
11.1.2022,736130,734569,1470699
12.1.2022,736538,736265,1472803
13.1.2022,719445,719254,1438699
14.1.2022,680768,677459,1358227
15.1.2022,347787,340652,688439
16.1.2022,286566,282474,569040
17.1.2022,693805,691135,1384940
18.1.2022,691319,690375,1381694
19.1.2022,691541,688644,1380185
20.1.2022,669574,671612,1341186
21.1.2022,620230,621744,1241974
22.1.2022,320857,318426,639283
23.1.2022,272545,270647,543192
24.1.2022,648312,650998,1299310
25.1.2022,661068,662178,1323246
26.1.2022,666664,670037,1336701
27.1.2022,657611,658332,1315943
28.1.2022,604650,604789,1209439
29.1.2022,314719,310358,625077
30.1.2022,271711,270237,541948
31.1.2022,672235,673769,1346004
1.2.2022,683839,682301,1366140
2.2.2022,688044,688220,1376264
3.2.2022,673243,675047,1348290
4.2.2022,587016,585217,1172233
5.2.2022,346378,342975,689353
6.2.2022,285426,283463,568889
7.2.2022,700531,701872,1402403
8.2.2022,716174,716396,1432570
9.2.2022,732227,730317,1462544
10.2.2022,728713,733128,1461841
11.2.2022,686366,684670,1371036
12.2.2022,394181,387909,782090
13.2.2022,348214,345280,693494
14.2.2022,788954,790538,1579492
15.2.2022,785634,784398,1570032
16.2.2022,797329,794706,1592035
17.2.2022,773509,774588,1548097
18.2.2022,734669,730950,1465619
19.2.2022,408068,403517,811585
20.2.2022,337052,334742,671794
21.2.2022,792542,791563,1584105
22.2.2022,828246,825769,1654015
23.2.2022,848836,847378,1696214
24.2.2022,831516,835533,1667049
25.2.2022,771197,768590,1539787
26.2.2022,410596,403097,813693
27.2.2022,403989,400080,804069
28.2.2022,824847,826472,1651319
1.3.2022,872318,873029,1745347
2.3.2022,870451,873933,1744384
3.3.2022,865975,869968,1735943
4.3.2022,823097,821275,1644372
5.3.2022,433015,429526,862541
6.3.2022,383335,382228,765563
7.3.2022,789306,790754,1580060
8.3.2022,836076,837938,1674014
9.3.2022,833011,837032,1670043
10.3.2022,823542,826688,1650230
11.3.2022,766511,768645,1535156
12.3.2022,478928,473065,951993
13.3.2022,419711,417397,837108
14.3.2022,821816,831527,1653343
15.3.2022,844630,848746,1693376
16.3.2022,855882,859672,1715554
17.3.2022,838154,841266,1679420
18.3.2022,793272,794953,1588225
19.3.2022,493035,489712,982747
20.3.2022,437983,435718,873701
21.3.2022,889444,896776,1786220
22.3.2022,919365,924690,1844055
23.3.2022,936784,941191,1877975
24.3.2022,918307,922602,1840909
25.3.2022,865720,863542,1729262
26.3.2022,540938,531481,1072419
27.3.2022,456566,451024,907590
28.3.2022,898415,897325,1795740
29.3.2022,908100,905090,1813190
30.3.2022,921942,918714,1840656
31.3.2022,910374,915389,1825763
1.4.2022,861046,860845,1721891
2.4.2022,502558,501217,1003775
3.4.2022,423021,424265,847286
4.4.2022,915600,920213,1835813
5.4.2022,917933,922754,1840687
6.4.2022,944001,947975,1891976
7.4.2022,941122,944911,1886033
8.4.2022,891252,888643,1779895
9.4.2022,512809,507914,1020723
10.4.2022,445820,442483,888303
11.4.2022,950180,955334,1905514
12.4.2022,988632,992466,1981098
13.4.2022,1014022,1012819,2026841
14.4.2022,891488,887758,1779246
15.4.2022,496764,489122,985886
16.4.2022,456770,447055,903825
17.4.2022,421524,415547,837071
18.4.2022,334798,329631,664429
19.4.2022,934066,933684,1867750
20.4.2022,1007334,1011677,2019011
21.4.2022,970720,973356,1944076
22.4.2022,941000,939365,1880365
23.4.2022,609229,600149,1209378
24.4.2022,427666,418721,846387
25.4.2022,930371,929152,1859523
26.4.2022,968832,968398,1937230
27.4.2022,990976,988128,1979104
28.4.2022,991936,991578,1983514
29.4.2022,925202,919967,1845169
30.4.2022,536100,531133,1067233
1.5.2022,469806,463819,933625
2.5.2022,962442,959237,1921679
3.5.2022,985094,979702,1964796
4.5.2022,1005760,1000620,2006380
5.5.2022,964889,961586,1926475
6.5.2022,924885,920165,1845050
7.5.2022,573377,561390,1134767
8.5.2022,500788,491368,992156
9.5.2022,950164,944489,1894653
10.5.2022,1009175,1004087,2013262
11.5.2022,1017879,1012530,2030409
12.5.2022,988534,983978,1972512
13.5.2022,947878,945444,1893322
14.5.2022,610507,600805,1211312
15.5.2022,598036,592530,1190566
16.5.2022,1063649,1058383,2122032
17.5.2022,982516,979752,1962268
18.5.2022,1030825,1021151,2051976
19.5.2022,992518,986301,1978819
20.5.2022,925860,917969,1843829
21.5.2022,527787,518314,1046101
22.5.2022,448389,440991,889380
23.5.2022,933619,929803,1863422
24.5.2022,956361,948215,1904576
25.5.2022,982530,978451,1960981
26.5.2022,988245,986517,1974762
27.5.2022,915861,906079,1821940
28.5.2022,560598,551619,1112217
29.5.2022,441842,436187,878029
30.5.2022,916286,911828,1828114
31.5.2022,972388,964728,1937116
1.6.2022,1016365,1002212,2018577
2.6.2022,982908,972018,1954926
3.6.2022,902879,882141,1785020
4.6.2022,567675,549982,1117657
5.6.2022,595333,584494,1179827
6.6.2022,1050952,1041886,2092838
7.6.2022,993792,976391,1970183
8.6.2022,1023399,1018470,2041869
9.6.2022,958800,955601,1914401
10.6.2022,937359,931992,1869351
11.6.2022,534762,531018,1065780
12.6.2022,448752,444004,892756
13.6.2022,947337,940082,1887419
14.6.2022,985105,979652,1964757
15.6.2022,1018530,1017261,2035791
16.6.2022,988211,975494,1963705
17.6.2022,915162,912196,1827358
18.6.2022,575677,568722,1144399
19.6.2022,481746,475177,956923
20.6.2022,934549,933722,1868271
21.6.2022,997319,993472,1990791
22.6.2022,1089016,1083490,2172506
23.6.2022,1008436,1011891,2020327
24.6.2022,876183,865806,1741989
25.6.2022,478205,467114,945319
26.6.2022,484652,477710,962362
27.6.2022,951476,944629,1896105
28.6.2022,987108,979621,1966729
29.6.2022,983443,972930,1956373
30.6.2022,999404,995046,1994450
1.7.2022,763778,756808,1520586
2.7.2022,473169,470422,943591
3.7.2022,414351,407555,821906
4.7.2022,640789,636891,1277680
5.7.2022,433563,429553,863116
6.7.2022,435445,428245,863690
7.7.2022,696009,691105,1387114
8.7.2022,663615,663042,1326657
9.7.2022,433565,424723,858288
10.7.2022,408048,398015,806063
11.7.2022,812942,811349,1624291
12.7.2022,839332,841895,1681227
13.7.2022,861754,857357,1719111
14.7.2022,822774,820857,1643631
15.7.2022,777468,775954,1553422
16.7.2022,485198,477944,963142
17.7.2022,445959,441017,886976
18.7.2022,811908,810046,1621954
19.7.2022,831835,829468,1661303
20.7.2022,826290,821192,1647482
21.7.2022,799622,791118,1590740
22.7.2022,744916,736252,1481168
23.7.2022,456965,445855,902820
24.7.2022,445250,436172,881422
25.7.2022,798994,792182,1591176
26.7.2022,819307,811303,1630610
27.7.2022,835011,826495,1661506
28.7.2022,821923,818324,1640247
29.7.2022,727294,719103,1446397
30.7.2022,442843,429884,872727
31.7.2022,459625,446998,906623
1.8.2022,796345,788559,1584904
2.8.2022,828393,820991,1649384
3.8.2022,828740,822973,1651713
4.8.2022,790525,785469,1575994
5.8.2022,722763,707980,1430743
6.8.2022,454281,444018,898299
7.8.2022,413910,404940,818850
8.8.2022,806306,801781,1608087
9.8.2022,838558,827345,1665903
10.8.2022,847801,840796,1688597
11.8.2022,812845,808240,1621085
12.8.2022,757030,745646,1502676
13.8.2022,515835,499902,1015737
14.8.2022,465275,453115,918390
15.8.2022,825054,813298,1638352
16.8.2022,850087,834617,1684704
17.8.2022,843587,831150,1674737
18.8.2022,804856,796364,1601220
19.8.2022,758031,743350,1501381
20.8.2022,431472,414106,845578
21.8.2022,414998,402229,817227
22.8.2022,812258,797149,1609407
23.8.2022,817655,799007,1616662
24.8.2022,859959,847813,1707772
25.8.2022,849957,838440,1688397
26.8.2022,756565,740589,1497154
27.8.2022,472471,460524,932995
28.8.2022,443424,432547,875971
29.8.2022,858597,849010,1707607
30.8.2022,892545,882168,1774713
31.8.2022,887930,878264,1766194
1.9.2022,932565,924141,1856706
2.9.2022,886535,877145,1763680
3.9.2022,582738,569173,1151911
4.9.2022,456623,445416,902039
5.9.2022,926777,921260,1848037
6.9.2022,941730,935339,1877069
7.9.2022,953646,942536,1896182
8.9.2022,928768,919776,1848544
9.9.2022,880082,869150,1749232
10.9.2022,510721,497190,1007911
11.9.2022,445804,432582,878386
12.9.2022,920648,910277,1830925
13.9.2022,940459,927965,1868424
14.9.2022,958786,939181,1897967
15.9.2022,958235,945934,1904169
16.9.2022,903935,892255,1796190
17.9.2022,526348,516810,1043158
18.9.2022,461700,450632,912332
19.9.2022,942444,930871,1873315
20.9.2022,967001,953760,1920761
21.9.2022,988188,978135,1966323
22.9.2022,962962,956362,1919324
23.9.2022,901580,893961,1795541
24.9.2022,541875,529567,1071442
25.9.2022,457014,443150,900164
26.9.2022,928405,924711,1853116
27.9.2022,977418,970295,1947713
28.9.2022,481163,470077,951240
29.9.2022,926251,925548,1851799
30.9.2022,883185,877171,1760356
1.10.2022,534096,523974,1058070
2.10.2022,467104,460015,927119
3.10.2022,992456,989699,1982155
4.10.2022,1013712,1008309,2022021
5.10.2022,1030130,1025655,2055785
6.10.2022,1004882,1000815,2005697
7.10.2022,952200,946024,1898224
8.10.2022,554401,542558,1096959
9.10.2022,485629,476707,962336
10.10.2022,1006890,1005229,2012119
11.10.2022,1029905,1025466,2055371
12.10.2022,1053329,1049673,2103002
13.10.2022,1042484,1040442,2082926
14.10.2022,993752,987360,1981112
15.10.2022,607763,596019,1203782
16.10.2022,517675,506566,1024241
17.10.2022,1016692,1010589,2027281
18.10.2022,1058107,1046220,2104327
19.10.2022,1063783,1061475,2125258
20.10.2022,1047664,1046818,2094482
21.10.2022,969449,965305,1934754
22.10.2022,534696,523780,1058476
23.10.2022,503202,493936,997138
24.10.2022,1019018,1009282,2028300
25.10.2022,1054000,1045947,2099947
26.10.2022,1011178,1002237,2013415
27.10.2022,953045,942644,1895689
28.10.2022,559822,547289,1107111
29.10.2022,561733,547039,1108772
30.10.2022,529437,517272,1046709
31.10.2022,1057599,1047323,2104922
1.11.2022,1070473,1065569,2136042
2.11.2022,1094032,1090182,2184214
3.11.2022,1065896,1065405,2131301
4.11.2022,1027863,1005031,2032894
5.11.2022,562007,553304,1115311
6.11.2022,487846,482104,969950
7.11.2022,1015334,1014934,2030268
8.11.2022,1065801,1065785,2131586
9.11.2022,1070610,1069640,2140250
10.11.2022,1056789,1057439,2114228
11.11.2022,994356,991010,1985366
12.11.2022,592428,584454,1176882
13.11.2022,471805,466824,938629
14.11.2022,1023211,1021151,2044362
15.11.2022,1050042,1048331,2098373
16.11.2022,1082404,1077389,2159793
17.11.2022,542868,538119,1080987
18.11.2022,736255,733439,1469694
19.11.2022,488959,486413,975372
20.11.2022,406492,404752,811244
21.11.2022,1001153,1002959,2004112
22.11.2022,1041843,1041110,2082953
23.11.2022,1059409,1059532,2118941
24.11.2022,1058248,1057810,2116058
25.11.2022,1029207,1024905,2054112
26.11.2022,606678,595310,1201988
27.11.2022,493101,483822,976923
28.11.2022,1019038,1017600,2036638
29.11.2022,1055969,1050121,2106090
30.11.2022,1087452,1087255,2174707
1.12.2022,1064881,1064661,2129542
2.12.2022,1024022,1018816,2042838
3.12.2022,647342,635882,1283224
4.12.2022,500138,493464,993602
5.12.2022,1018986,1019802,2038788
6.12.2022,1056989,1046380,2103369
7.12.2022,1078957,1075703,2154660
8.12.2022,1061160,1060386,2121546
9.12.2022,1000670,998076,1998746
10.12.2022,653564,643158,1296722
11.12.2022,519643,512834,1032477
12.12.2022,1051846,1052553,2104399
13.12.2022,1070340,1072319,2142659
14.12.2022,1084043,1080653,2164696
15.12.2022,1078829,1079213,2158042
16.12.2022,1008507,1004805,2013312
17.12.2022,640429,631385,1271814
18.12.2022,507481,501590,1009071
19.12.2022,1014061,1018712,2032773
20.12.2022,1035745,1034740,2070485
21.12.2022,1013762,1011750,2025512
22.12.2022,908891,908903,1817794
23.12.2022,625057,614432,1239489
24.12.2022,285242,282920,568162
25.12.2022,282910,277396,560306
26.12.2022,324552,314319,638871
27.12.2022,621118,613341,1234459
28.12.2022,655467,650150,1305617
29.12.2022,657107,653019,1310126
30.12.2022,632392,626258,1258650
31.12.2022,469906,460246,930152
1.1.2023,297722,291205,588927
2.1.2023,759226,757000,1516226
3.1.2023,906644,907748,1814392
4.1.2023,927412,930203,1857615
5.1.2023,923951,926004,1849955
6.1.2023,872288,873152,1745440
7.1.2023,486935,480842,967777
8.1.2023,402307,399292,801599
9.1.2023,916603,921237,1837840
10.1.2023,954988,959209,1914197
11.1.2023,967334,969713,1937047
12.1.2023,944704,948656,1893360
13.1.2023,892853,895817,1788670
14.1.2023,472704,467704,940408
15.1.2023,367555,362457,730012
16.1.2023,926624,931963,1858587
17.1.2023,966890,972057,1938947
18.1.2023,962693,970351,1933044
19.1.2023,956154,965441,1921595
20.1.2023,885408,891924,1777332
21.1.2023,499576,500011,999587
22.1.2023,408357,406011,814368
23.1.2023,904305,914155,1818460
24.1.2023,951425,961904,1913329
25.1.2023,979377,989058,1968435
26.1.2023,941416,952753,1894169
27.1.2023,879684,887972,1767656
28.1.2023,503617,500601,1004218
29.1.2023,410932,404974,815906
30.1.2023,907365,917158,1824523
31.1.2023,953519,960949,1914468
1.2.2023,953616,959681,1913297
2.2.2023,936332,942941,1879273
3.2.2023,790213,788793,1579006
4.2.2023,464817,461917,926734
5.2.2023,409305,409270,818575
6.2.2023,859515,865463,1724978
7.2.2023,896302,897333,1793635
8.2.2023,905956,909480,1815436
9.2.2023,885481,890494,1775975
10.2.2023,830403,832124,1662527
11.2.2023,474858,468306,943164
12.2.2023,409462,404882,814344
13.2.2023,946675,947384,1894059
14.2.2023,1002552,1001710,2004262
15.2.2023,999574,1003585,2003159
16.2.2023,972660,975427,1948087
17.2.2023,904921,907716,1812637
18.2.2023,492187,487864,980051
19.2.2023,396851,393604,790455
20.2.2023,973411,976677,1950088
21.2.2023,1009616,1013163,2022779
22.2.2023,1029203,1032539,2061742
23.2.2023,999018,1003607,2002625
24.2.2023,920241,920578,1840819
25.2.2023,518604,515263,1033867
26.2.2023,429524,431003,860527
27.2.2023,965177,968083,1933260
28.2.2023,1011848,1014120,2025968
1.3.2023,1013626,1018737,2032363
2.3.2023,993429,995486,1988915
3.3.2023,938236,936132,1874368
4.3.2023,486892,485610,972502
5.3.2023,385391,382930,768321
6.3.2023,973955,978161,1952116
7.3.2023,1001261,1001646,2002907
8.3.2023,1030496,1030048,2060544
9.3.2023,986164,983326,1969490
10.3.2023,922852,919532,1842384
11.3.2023,549200,539917,1089117
12.3.2023,429918,424277,854195
13.3.2023,879396,877157,1756553
14.3.2023,926500,921807,1848307
15.3.2023,941128,937247,1878375
16.3.2023,922188,919047,1841235
17.3.2023,859806,853450,1713256
18.3.2023,556802,547743,1104545
19.3.2023,460651,454310,914961
20.3.2023,984350,979903,1964253
21.3.2023,1020487,1015660,2036147
22.3.2023,1046719,1040425,2087144
23.3.2023,1006243,1001066,2007309
24.3.2023,948466,939295,1887761
25.3.2023,573059,564533,1137592
26.3.2023,462212,455157,917369
27.3.2023,987149,979196,1966345
28.3.2023,1013235,1007171,2020406
29.3.2023,1029953,1024564,2054517
30.3.2023,1017297,1009761,2027058
31.3.2023,942131,935727,1877858
1.4.2023,571492,562662,1134154
2.4.2023,449088,444419,893507
3.4.2023,1005428,999581,2005009
4.4.2023,1037449,1032178,2069627
5.4.2023,1059763,1055768,2115531
6.4.2023,914636,903240,1817876
7.4.2023,451348,443360,894708
8.4.2023,400672,395742,796414
9.4.2023,364806,358255,723061
10.4.2023,335794,325215,661009
11.4.2023,979003,974721,1953724
12.4.2023,1045526,1043418,2088944
13.4.2023,1034170,1029670,2063840
14.4.2023,997588,976655,1974243
15.4.2023,572709,569238,1141947
16.4.2023,522584,511167,1033751
17.4.2023,1014493,1011893,2026386
18.4.2023,1046376,1046930,2093306
19.4.2023,1076199,1074727,2150926
20.4.2023,1041067,1038888,2079955
21.4.2023,975197,968450,1943647
22.4.2023,587247,574282,1161529
23.4.2023,454257,444819,899076
24.4.2023,1004700,999684,2004384
25.4.2023,1032299,1027382,2059681
26.4.2023,1070328,1065128,2135456
27.4.2023,1027817,1023771,2051588
28.4.2023,942098,936356,1878454
29.4.2023,586249,576673,1162922
30.4.2023,474816,465230,940046
1.5.2023,451996,440421,892417
2.5.2023,1012353,1007768,2020121
3.5.2023,1062906,1060039,2122945
4.5.2023,1011585,1007466,2019051
5.5.2023,938811,931093,1869904
6.5.2023,531766,520284,1052050
7.5.2023,515476,502880,1018356
8.5.2023,423628,412944,836572
9.5.2023,1006788,1000192,2006980
10.5.2023,1026157,1018569,2044726
11.5.2023,1012541,1003356,2015897
12.5.2023,950511,942884,1893395
13.5.2023,562181,556793,1118974
14.5.2023,480637,474555,955192
15.5.2023,992982,979384,1972366
16.5.2023,1021401,1020442,2041843
17.5.2023,1027799,1029326,2057125
18.5.2023,1039259,1039768,2079027
19.5.2023,952359,947939,1900298
20.5.2023,567323,558142,1125465
21.5.2023,458601,450272,908873
22.5.2023,975729,970286,1946015
23.5.2023,997446,997232,1994678
24.5.2023,1034486,1032313,2066799
25.5.2023,1020838,1018886,2039724
26.5.2023,926099,922167,1848266
27.5.2023,580734,573009,1153743
28.5.2023,484456,475468,959924
29.5.2023,976513,972027,1948540
30.5.2023,1029414,1022143,2051557
31.5.2023,1056175,1051024,2107199
1.6.2023,1026437,1023116,2049553
2.6.2023,963414,957347,1920761
3.6.2023,548134,539906,1088040
4.6.2023,469249,459360,928609
5.6.2023,978433,966495,1944928
6.6.2023,996061,986862,1982923
7.6.2023,1061761,1053877,2115638
8.6.2023,1020396,1010023,2030419
9.6.2023,938614,925951,1864565
10.6.2023,573123,563730,1136853
11.6.2023,472124,464243,936367
12.6.2023,975436,969297,1944733
13.6.2023,1013510,1006064,2019574
14.6.2023,1018431,1011127,2029558
15.6.2023,1000121,994898,1995019
16.6.2023,931242,920343,1851585
17.6.2023,550142,537063,1087205
18.6.2023,496477,486032,982509
19.6.2023,971531,966617,1938148
20.6.2023,1024433,1019808,2044241
21.6.2023,1051294,1042310,2093604
22.6.2023,1013066,1008620,2021686
23.6.2023,886037,880209,1766246
24.6.2023,517721,511529,1029250
25.6.2023,463743,456776,920519
26.6.2023,987037,980708,1967745
27.6.2023,1022321,1018435,2040756
28.6.2023,1039813,1033934,2073747
29.6.2023,1012396,1009852,2022248
30.6.2023,908106,902132,1810238
1.7.2023,452799,445730,898529
2.7.2023,388519,381679,770198
3.7.2023,734032,728840,1462872
4.7.2023,711388,705062,1416450
5.7.2023,430358,422070,852428
6.7.2023,422896,415874,838770
7.7.2023,572410,565675,1138085
8.7.2023,388103,383262,771365
9.7.2023,366720,361157,727877
10.7.2023,797010,791611,1588621
11.7.2023,850069,844454,1694523
12.7.2023,861416,853124,1714540
13.7.2023,841815,834817,1676632
14.7.2023,771718,764256,1535974
15.7.2023,426822,416371,843193
16.7.2023,390579,380701,771280
17.7.2023,839732,834628,1674360
18.7.2023,866248,858702,1724950
19.7.2023,870904,862935,1733839
20.7.2023,843017,836063,1679080
21.7.2023,755511,747124,1502635
22.7.2023,481905,470781,952686
23.7.2023,443950,435921,879871
24.7.2023,816607,808198,1624805
25.7.2023,853884,843637,1697521
26.7.2023,859862,853823,1713685
27.7.2023,835539,824546,1660085
28.7.2023,749100,737307,1486407
29.7.2023,456692,444680,901372
30.7.2023,493793,485560,979353
31.7.2023,829231,820942,1650173
1.8.2023,838865,831100,1669965
2.8.2023,873045,861148,1734193
3.8.2023,845796,838053,1683849
4.8.2023,758260,747593,1505853
5.8.2023,495542,478239,973781
6.8.2023,512446,508987,1021433
7.8.2023,836679,821560,1658239
8.8.2023,871402,860993,1732395
9.8.2023,862145,852058,1714203
10.8.2023,851707,841389,1693096
11.8.2023,779084,765429,1544513
12.8.2023,530448,516279,1046727
13.8.2023,458656,446814,905470
14.8.2023,850382,839643,1690025
15.8.2023,892092,879273,1771365
16.8.2023,894894,878440,1773334
17.8.2023,850302,837345,1687647
18.8.2023,771959,756632,1528591
19.8.2023,493507,479069,972576
20.8.2023,445780,431118,876898
21.8.2023,832457,817565,1650022
22.8.2023,855152,835972,1691124
23.8.2023,856986,838684,1695670
24.8.2023,832725,818403,1651128
25.8.2023,740472,723943,1464415
26.8.2023,476349,459466,935815
27.8.2023,426497,416534,843031
28.8.2023,880472,850363,1730835
29.8.2023,875591,864888,1740479
30.8.2023,906663,895722,1802385
31.8.2023,900684,890124,1790808
1.9.2023,805689,797520,1603209
2.9.2023,519016,508679,1027695
3.9.2023,452541,444443,896984
4.9.2023,975592,968634,1944226
5.9.2023,984430,978439,1962869
6.9.2023,993637,988124,1981761
7.9.2023,967898,962666,1930564
8.9.2023,900499,893813,1794312
9.9.2023,527154,517180,1044334
10.9.2023,461490,449413,910903
11.9.2023,954833,949239,1904072
12.9.2023,983150,978204,1961354
13.9.2023,993376,988737,1982113
14.9.2023,973356,970664,1944020
15.9.2023,929991,926391,1856382
16.9.2023,610166,599015,1209181
17.9.2023,498300,490513,988813
18.9.2023,978948,974183,1953131
19.9.2023,1021720,1020184,2041904
20.9.2023,1052580,1048114,2100694
21.9.2023,1011664,1009294,2020958
22.9.2023,923709,919930,1843639
23.9.2023,522263,514358,1036621
24.9.2023,437611,430385,867996
25.9.2023,981795,982623,1964418
26.9.2023,1018270,1019357,2037627
27.9.2023,1036361,1041332,2077693
28.9.2023,496812,493086,989898
29.9.2023,716556,714054,1430610
30.9.2023,460451,454762,915213
1.10.2023,429982,424388,854370
2.10.2023,1035482,1044124,2079606
3.10.2023,1085393,1086125,2171518
4.10.2023,1085381,1090862,2176243
5.10.2023,1055919,1066660,2122579
6.10.2023,980375,986116,1966491
7.10.2023,512634,505805,1018439
8.10.2023,459064,454263,913327
9.10.2023,1038263,1037590,2075853
10.10.2023,1084414,1089031,2173445
11.10.2023,1096010,1103435,2199445
12.10.2023,1097877,1105095,2202972
13.10.2023,1030156,1027786,2057942
14.10.2023,618136,612989,1231125
15.10.2023,522676,519405,1042081
16.10.2023,1042662,1048035,2090697
17.10.2023,1072890,1076000,2148890
18.10.2023,1103059,1102925,2205984
19.10.2023,1071109,1073241,2144350
20.10.2023,973307,974567,1947874
21.10.2023,602585,595029,1197614
22.10.2023,490203,484800,975003
23.10.2023,1002555,1009736,2012291
24.10.2023,1050299,1045645,2095944
25.10.2023,1063525,1064206,2127731
26.10.2023,968917,967191,1936108
27.10.2023,864796,852880,1717676
28.10.2023,520448,513663,1034111
29.10.2023,510721,503657,1014378
30.10.2023,1083017,1082647,2165664
31.10.2023,1137014,1132300,2269314
1.11.2023,1146227,1143133,2289360
2.11.2023,1123800,1122022,2245822
3.11.2023,1060628,1045278,2105906
4.11.2023,644070,638520,1282590
5.11.2023,499068,494405,993473
6.11.2023,1057583,1061878,2119461
7.11.2023,1100689,1105053,2205742
8.11.2023,1117427,1121812,2239239
9.11.2023,1065314,1073313,2138627
10.11.2023,1006717,1008929,2015646
11.11.2023,581628,576585,1158213
12.11.2023,487515,485028,972543
13.11.2023,1033035,1034906,2067941
14.11.2023,1062169,1061782,2123951
15.11.2023,1084478,1088424,2172902
16.11.2023,1050967,1056086,2107053
17.11.2023,604150,598617,1202767
18.11.2023,503248,497689,1000937
19.11.2023,413687,408591,822278
20.11.2023,1011938,1018230,2030168
21.11.2023,1068679,1070645,2139324
22.11.2023,1085666,1093786,2179452
23.11.2023,1081040,1088684,2169724
24.11.2023,1044138,1050279,2094417
25.11.2023,621023,618480,1239503
26.11.2023,503115,504331,1007446
27.11.2023,1016075,1022312,2038387
28.11.2023,1098125,1106004,2204129
29.11.2023,1095213,1107103,2202316
30.11.2023,1090702,1103328,2194030
1.12.2023,1029754,1032338,2062092
2.12.2023,692776,688072,1380848
3.12.2023,539290,539686,1078976
4.12.2023,1064338,1075107,2139445
5.12.2023,1099626,1113791,2213417
6.12.2023,1114257,1126861,2241118
7.12.2023,1113392,1125203,2238595
8.12.2023,1040086,1046139,2086225
9.12.2023,686358,683479,1369837
10.12.2023,542359,538308,1080667
11.12.2023,1049231,1063330,2112561
12.12.2023,1094168,1103762,2197930
13.12.2023,1108807,1118955,2227762
14.12.2023,1107022,1116263,2223285
15.12.2023,1037836,1046749,2084585
16.12.2023,687493,681683,1369176
17.12.2023,561615,561303,1122918
18.12.2023,1068538,1082622,2151160
19.12.2023,1100176,1108290,2208466
20.12.2023,1102101,1104784,2206885
21.12.2023,1024979,1034197,2059176
22.12.2023,835854,836012,1671866
23.12.2023,457208,451185,908393
24.12.2023,278036,276782,554818
25.12.2023,289621,287184,576805
26.12.2023,360002,356810,716812
27.12.2023,660108,649458,1309566
28.12.2023,668128,669922,1338050
29.12.2023,655401,651741,1307142
30.12.2023,512106,506594,1018700
31.12.2023,457278,454030,911308
1.1.2024,311038,306379,617417
2.1.2024,786097,779148,1565245
3.1.2024,963140,969294,1932434
4.1.2024,975312,977729,1953041
5.1.2024,906810,913134,1819944
6.1.2024,479213,477354,956567
7.1.2024,399828,398854,798682
8.1.2024,945176,955125,1900301
9.1.2024,965910,976962,1942872
10.1.2024,983333,995673,1979006
11.1.2024,965802,977719,1943521
12.1.2024,894380,901736,1796116
13.1.2024,495022,493849,988871
14.1.2024,407236,406858,814094
15.1.2024,951172,962014,1913186
16.1.2024,986318,996067,1982385
17.1.2024,999812,1009312,2009124
18.1.2024,963583,972290,1935873
19.1.2024,912973,919255,1832228
20.1.2024,508582,509075,1017657
21.1.2024,415471,415661,831132
22.1.2024,927585,936746,1864331
23.1.2024,968190,975472,1943662
24.1.2024,986550,994839,1981389
25.1.2024,988132,998084,1986216
26.1.2024,915348,920124,1835472
27.1.2024,546248,544423,1090671
28.1.2024,448289,448473,896762
29.1.2024,944777,956061,1900838
30.1.2024,984909,991874,1976783
31.1.2024,1010596,1019468,2030064
1.2.2024,963962,971219,1935181
2.2.2024,823555,828418,1651973
3.2.2024,485298,484183,969481
4.2.2024,411054,411304,822358
5.2.2024,840095,847082,1687177
6.2.2024,881357,886883,1768240
7.2.2024,898204,899193,1797397
8.2.2024,873628,877894,1751522
9.2.2024,801353,806424,1607777
10.2.2024,512247,510624,1022871
11.2.2024,406205,397479,803684
12.2.2024,908751,917364,1826115
13.2.2024,950337,955661,1905998
14.2.2024,982146,987363,1969509
15.2.2024,939063,944835,1883898
16.2.2024,877955,881379,1759334
17.2.2024,526268,523761,1050029
18.2.2024,478543,482174,960717
19.2.2024,1028957,1037216,2066173
20.2.2024,1034715,1042878,2077593
21.2.2024,1050873,1058729,2109602
22.2.2024,1057606,1062250,2119856
23.2.2024,953695,958955,1912650
24.2.2024,547709,546156,1093865
25.2.2024,404736,401415,806151
26.2.2024,982211,991781,1973992
27.2.2024,1033258,1040958,2074216
28.2.2024,1044954,1054695,2099649
29.2.2024,1024098,1036133,2060231
1.3.2024,937229,942183,1879412
2.3.2024,536222,534360,1070582
3.3.2024,466368,467225,933593
4.3.2024,1008431,1014455,2022886
5.3.2024,1032021,1036879,2068900
6.3.2024,1060573,1061317,2121890
7.3.2024,1059644,1068506,2128150
8.3.2024,982271,987646,1969917
9.3.2024,495083,490832,985915
10.3.2024,417442,412450,829892
11.3.2024,999022,1006232,2005254
12.3.2024,1038276,1041830,2080106
13.3.2024,1073520,1076773,2150293
14.3.2024,1042329,1049814,2092143
15.3.2024,981638,984572,1966210
16.3.2024,587045,582859,1169904
17.3.2024,505474,503513,1008987
18.3.2024,1000359,1009299,2009658
19.3.2024,1040954,1049937,2090891
20.3.2024,1059974,1066705,2126679
21.3.2024,1030651,1037758,2068409
22.3.2024,987295,990027,1977322
23.3.2024,581901,573765,1155666
24.3.2024,477087,472082,949169
25.3.2024,1014243,1020018,2034261
26.3.2024,1074785,1082991,2157776
27.3.2024,1088133,1089425,2177558
28.3.2024,930993,929073,1860066
29.3.2024,507602,502146,1009748
30.3.2024,475196,468044,943240
31.3.2024,391856,385423,777279
1.4.2024,318060,313207,631267
2.4.2024,1020331,1018021,2038352
3.4.2024,1077126,1080051,2157177
4.4.2024,1061486,1065268,2126754
5.4.2024,1004461,1003664,2008125
6.4.2024,666939,657701,1324640
7.4.2024,518797,511195,1029992
8.4.2024,1037014,1035606,2072620
9.4.2024,1099109,1098223,2197332
10.4.2024,1102985,1104198,2207183
11.4.2024,1092082,1093805,2185887
12.4.2024,1007844,1004444,2012288
13.4.2024,606978,597923,1204901
14.4.2024,495024,488196,983220
15.4.2024,1025670,1021200,2046870
16.4.2024,1078691,1077459,2156150
17.4.2024,1099855,1098301,2198156
18.4.2024,1068517,1066300,2134817
19.4.2024,977001,972461,1949462
20.4.2024,549018,542296,1091314
21.4.2024,477646,470581,948227
22.4.2024,1017775,1019165,2036940
23.4.2024,1051160,1051116,2102276
24.4.2024,1073598,1072430,2146028
25.4.2024,1055926,1053120,2109046
26.4.2024,964680,960611,1925291
27.4.2024,623210,613964,1237174
28.4.2024,501400,490607,992007
29.4.2024,1050923,1043924,2094847
30.4.2024,1109740,1103772,2213512
1.5.2024,584451,576455,1160906
2.5.2024,1061686,1056062,2117748
3.5.2024,974505,970236,1944741
4.5.2024,577519,570092,1147611
5.5.2024,522578,516766,1039344
6.5.2024,1003252,1000412,2003664
7.5.2024,1070662,1052718,2123380
8.5.2024,513472,510186,1023658
9.5.2024,1024465,1023413,2047878
10.5.2024,982141,979258,1961399
11.5.2024,715705,717828,1433533
12.5.2024,613920,613940,1227860
13.5.2024,1083036,1082937,2165973
14.5.2024,1117609,1118747,2236356
15.5.2024,1162719,1155771,2318490
16.5.2024,1099565,1103501,2203066
17.5.2024,1010848,1005773,2016621
18.5.2024,665478,658308,1323786
19.5.2024,554130,548605,1102735
20.5.2024,1082009,1077313,2159322
21.5.2024,1107128,1102124,2209252
22.5.2024,1065972,1064280,2130252
23.5.2024,1093235,1094783,2188018
24.5.2024,955690,950989,1906679
25.5.2024,581091,575772,1156863
26.5.2024,584616,579059,1163675
27.5.2024,1030610,1023973,2054583
28.5.2024,1059977,1050363,2110340
29.5.2024,1081970,1077348,2159318
30.5.2024,1059874,1056384,2116258
31.5.2024,988113,982632,1970745
1.6.2024,573123,559431,1132554
2.6.2024,478842,469563,948405
3.6.2024,993940,996511,1990451
4.6.2024,1035789,1038844,2074633
5.6.2024,1062290,1062780,2125070
6.6.2024,1044201,1045595,2089796
7.6.2024,989869,990268,1980137
8.6.2024,603190,599032,1202222
9.6.2024,484522,477897,962419
10.6.2024,1014226,1015066,2029292
11.6.2024,1048512,1050718,2099230
12.6.2024,1083029,1084552,2167581
13.6.2024,1041091,1041304,2082395
14.6.2024,945083,943645,1888728
15.6.2024,573448,566491,1139939
16.6.2024,504208,497098,1001306
17.6.2024,1010045,1009926,2019971
18.6.2024,1069794,1064624,2134418
19.6.2024,1070610,1070696,2141306
20.6.2024,1044789,1043896,2088685
21.6.2024,938211,933266,1871477
22.6.2024,551501,543464,1094965
23.6.2024,506440,499667,1006107
24.6.2024,1056571,1054761,2111332
25.6.2024,1084400,1078354,2162754
26.6.2024,1075406,1071191,2146597
27.6.2024,1066426,1061470,2127896
28.6.2024,965471,957090,1922561
29.6.2024,484280,476562,960842
30.6.2024,444804,436548,881352
1.7.2024,796962,799957,1596919
2.7.2024,816736,817973,1634709
3.7.2024,801421,802124,1603545
4.7.2024,831050,826844,1657894
5.7.2024,528492,520863,1049355
6.7.2024,458059,449250,907309
7.7.2024,427946,420016,847962
8.7.2024,864396,861324,1725720
9.7.2024,922354,917500,1839854
10.7.2024,906421,900793,1807214
11.7.2024,899583,899312,1798895
12.7.2024,798780,794392,1593172
13.7.2024,514416,507570,1021986
14.7.2024,467610,462721,930331
15.7.2024,891484,890105,1781589
16.7.2024,921390,917633,1839023
17.7.2024,925629,921972,1847601
18.7.2024,918502,914685,1833187
19.7.2024,812341,807293,1619634
20.7.2024,507014,501077,1008091
21.7.2024,462993,458124,921117
22.7.2024,867726,866264,1733990
23.7.2024,926986,922524,1849510
24.7.2024,937125,932958,1870083
25.7.2024,897743,895762,1793505
26.7.2024,791252,786773,1578025
27.7.2024,497254,490846,988100
28.7.2024,459827,451796,911623
29.7.2024,873984,872337,1746321
30.7.2024,915612,913556,1829168
31.7.2024,895777,892850,1788627
1.8.2024,869708,866713,1736421
2.8.2024,767652,763709,1531361
3.8.2024,454227,445040,899267
4.8.2024,393442,384615,778057
5.8.2024,862503,859041,1721544
6.8.2024,922205,918969,1841174
7.8.2024,907843,904509,1812352
8.8.2024,866464,861928,1728392
9.8.2024,799050,793462,1592512
10.8.2024,532884,526237,1059121
11.8.2024,469644,462121,931765
12.8.2024,873512,869122,1742634
13.8.2024,900897,894759,1795656
14.8.2024,900169,897898,1798067
15.8.2024,893962,888032,1781994
16.8.2024,808849,804808,1613657
17.8.2024,548556,542201,1090757
18.8.2024,459196,451070,910266
19.8.2024,876110,870913,1747023
20.8.2024,937135,931846,1868981
21.8.2024,934183,933758,1867941
22.8.2024,905185,899499,1804684
23.8.2024,807350,797372,1604722
24.8.2024,525663,518666,1044329
25.8.2024,467891,460632,928523
26.8.2024,920822,921059,1841881
27.8.2024,984079,980657,1964736
28.8.2024,984110,982174,1966284
29.8.2024,939833,938390,1878223
30.8.2024,848643,845287,1693930
31.8.2024,536321,532165,1068486
1.9.2024,477905,470160,948065
2.9.2024,1019802,1020610,2040412
3.9.2024,1044539,1044135,2088674
4.9.2024,1048889,1047285,2096174
5.9.2024,1028156,1028022,2056178
6.9.2024,945663,941431,1887094
7.9.2024,580100,569840,1149940
8.9.2024,484205,475073,959278
9.9.2024,1030861,1017675,2048536
10.9.2024,1058730,1061458,2120188
11.9.2024,1056487,1057533,2114020
12.9.2024,1025222,1021873,2047095
13.9.2024,988944,957622,1946566
14.9.2024,480788,472541,953329
15.9.2024,407388,400104,807492
16.9.2024,1007109,1006438,2013547
17.9.2024,1064822,1071216,2136038
18.9.2024,1099300,1105168,2204468
19.9.2024,1055409,1059794,2115203
20.9.2024,996562,999034,1995596
21.9.2024,632494,628143,1260637
22.9.2024,523335,518755,1042090
23.9.2024,1051879,1055247,2107126
24.9.2024,1077386,1080928,2158314
25.9.2024,1105504,1112399,2217903
26.9.2024,1065001,1069124,2134125
27.9.2024,1013108,1017028,2030136
28.9.2024,508982,507262,1016244
29.9.2024,511506,508411,1019917
30.9.2024,1048910,1057890,2106800
1.10.2024,1088444,1097592,2186036
2.10.2024,1103522,1105962,2209484
3.10.2024,1090697,1096824,2187521
4.10.2024,1015195,1024460,2039655
5.10.2024,595086,593363,1188449
6.10.2024,495804,494456,990260
7.10.2024,1037425,1044518,2081943
8.10.2024,1095441,1105097,2200538
9.10.2024,1119640,1127918,2247558
10.10.2024,1095580,1103533,2199113
11.10.2024,1026898,1027193,2054091
12.10.2024,613575,614474,1228049
13.10.2024,505940,506052,1011992
14.10.2024,1066099,1073448,2139547
15.10.2024,1128254,1134380,2262634
16.10.2024,1144212,1152478,2296690
17.10.2024,1121666,1131429,2253095
18.10.2024,1017702,1020370,2038072
19.10.2024,611341,606780,1218121
20.10.2024,509317,505424,1014741
21.10.2024,1064197,1072661,2136858
22.10.2024,1117108,1125712,2242820
23.10.2024,1118884,1125259,2244143
24.10.2024,1106233,1110802,2217035
25.10.2024,996047,999866,1995913
26.10.2024,501541,496722,998263
27.10.2024,455174,451079,906253
28.10.2024,435005,430309,865314
29.10.2024,995309,993710,1989019
30.10.2024,1025613,1029980,2055593
31.10.2024,1059974,1063890,2123864
1.11.2024,994066,996787,1990853
2.11.2024,599918,599601,1199519
3.11.2024,486378,484093,970471
4.11.2024,1056202,1065236,2121438
5.11.2024,1097409,1106401,2203810
6.11.2024,1114891,1123116,2238007
7.11.2024,1086722,1095198,2181920
8.11.2024,1037397,1042737,2080134
9.11.2024,581638,580209,1161847
10.11.2024,468706,468162,936868
11.11.2024,1070112,1081959,2152071
12.11.2024,1112023,1119855,2231878
13.11.2024,1130785,1139822,2270607
14.11.2024,1108587,1121000,2229587
15.11.2024,1029050,1036282,2065332
16.11.2024,607366,605734,1213100
17.11.2024,559031,557894,1116925
18.11.2024,1054769,1064498,2119267
19.11.2024,1096419,1103166,2199585
20.11.2024,1123594,1134157,2257751
21.11.2024,1129132,1139063,2268195
22.11.2024,1073107,1082790,2155897
23.11.2024,596030,599157,1195187
24.11.2024,483048,483078,966126
25.11.2024,1061448,1069891,2131339
26.11.2024,1109976,1115630,2225606
27.11.2024,1130307,1142238,2272545
28.11.2024,1104292,1113411,2217703
29.11.2024,1053774,1062466,2116240
30.11.2024,664660,663446,1328106
1.12.2024,526897,527381,1054278
2.12.2024,1085390,1095855,2181245
3.12.2024,1139913,1147249,2287162
4.12.2024,1155687,1167882,2323569
5.12.2024,1139880,1151425,2291305
6.12.2024,1054539,1052811,2107350
7.12.2024,716856,717880,1434736
8.12.2024,537869,537718,1075587
9.12.2024,1099532,1111121,2210653
10.12.2024,1155474,1161493,2316967
11.12.2024,1176475,1189859,2366334
12.12.2024,1170364,1183379,2353743
13.12.2024,1090502,1099899,2190401
14.12.2024,704350,705027,1409377
15.12.2024,573307,574408,1147715
16.12.2024,1118823,1128602,2247425
17.12.2024,1158904,1168927,2327831
18.12.2024,1184088,1196155,2380243
19.12.2024,1167141,1178251,2345392
20.12.2024,1073013,1081938,2154951
21.12.2024,639272,636457,1275729
22.12.2024,546892,545923,1092815
23.12.2024,663599,666460,1330059
24.12.2024,303541,303274,606815
25.12.2024,322786,319819,642605
26.12.2024,380868,377011,757879
27.12.2024,622938,621302,1244240
28.12.2024,523477,520433,1043910
29.12.2024,487389,485151,972540
30.12.2024,695037,698655,1393692
31.12.2024,564585,566167,1130752
1.1.2025,300014,298111,598125
2.1.2025,719833,718656,1438489
3.1.2025,769089,771330,1540419
4.1.2025,493139,490935,984074
5.1.2025,417147,415198,832345
6.1.2025,976699,979135,1955834
7.1.2025,985249,983032,1968281
8.1.2025,988934,990639,1979573
9.1.2025,981096,984722,1965818
10.1.2025,909598,914761,1824359
11.1.2025,459948,456734,916682
12.1.2025,382419,379760,762179
13.1.2025,956582,965792,1922374
14.1.2025,991239,996177,1987416
15.1.2025,986658,992435,1979093
16.1.2025,971509,974953,1946462
17.1.2025,896624,897346,1793970
18.1.2025,495925,490367,986292
19.1.2025,417058,413424,830482
20.1.2025,943337,946654,1889991
21.1.2025,972866,973502,1946368
22.1.2025,996470,996511,1992981
23.1.2025,962480,964844,1927324
24.1.2025,876344,879015,1755359
25.1.2025,496650,491306,987956
26.1.2025,405618,401554,807172
27.1.2025,921968,923516,1845484
28.1.2025,958888,960778,1919666
29.1.2025,963574,966639,1930213
30.1.2025,960913,962787,1923700
31.1.2025,807578,807089,1614667
1.2.2025,443607,436651,880258
2.2.2025,362495,358360,720855
3.2.2025,931947,936350,1868297
4.2.2025,969043,971966,1941009
5.2.2025,975611,977704,1953315
6.2.2025,955696,958911,1914607
7.2.2025,884322,885475,1769797
8.2.2025,508153,502816,1010969
9.2.2025,438139,434108,872247
10.2.2025,892340,895552,1787892
11.2.2025,923132,928213,1851345
12.2.2025,933222,936570,1869792
13.2.2025,921217,920716,1841933
14.2.2025,878166,878069,1756235
15.2.2025,514852,510349,1025201
16.2.2025,439771,433701,873472
17.2.2025,926771,926494,1853265
18.2.2025,958302,960463,1918765
19.2.2025,970943,974728,1945671
20.2.2025,949912,955149,1905061
21.2.2025,868400,871292,1739692
22.2.2025,528356,523473,1051829
23.2.2025,456379,452398,908777
24.2.2025,1008059,1011697,2019756
25.2.2025,1059972,1061682,2121654
26.2.2025,1061079,1064158,2125237
27.2.2025,1047562,1046656,2094218
28.2.2025,958196,957788,1915984
1.3.2025,522310,515324,1037634
2.3.2025,453020,448130,901150
3.3.2025,1010777,1012375,2023152
4.3.2025,1051621,1050463,2102084
5.3.2025,1067861,1068453,2136314
6.3.2025,1044519,1046284,2090803
7.3.2025,965888,964257,1930145
8.3.2025,589555,580623,1170178
9.3.2025,470712,461813,932525
10.3.2025,1001739,995645,1997384
11.3.2025,1024840,1017166,2042006
12.3.2025,1058900,1053150,2112050
13.3.2025,1037212,1021978,2059190
14.3.2025,952145,946715,1898860
15.3.2025,565071,558463,1123534
16.3.2025,475678,469102,944780
17.3.2025,1011106,1012446,2023552
18.3.2025,1034998,1034857,2069855
19.3.2025,1053396,1053463,2106859
20.3.2025,1035337,1033540,2068877
21.3.2025,959100,953245,1912345
22.3.2025,578606,567715,1146321
23.3.2025,449458,442790,892248
24.3.2025,998152,993893,1992045
25.3.2025,1052541,1045887,2098428
26.3.2025,1074612,1065823,2140435
27.3.2025,1045385,1040820,2086205
28.3.2025,969204,963540,1932744
29.3.2025,572858,564491,1137349
30.3.2025,476626,468712,945338
31.3.2025,1004299,1000565,2004864
1.4.2025,1055513,1049154,2104667
2.4.2025,1075836,1073637,2149473
3.4.2025,1061687,1059092,2120779
4.4.2025,996160,987125,1983285
5.4.2025,607267,596112,1203379
6.4.2025,457788,451441,909229
7.4.2025,1020478,1020996,2041474
8.4.2025,1060178,1057783,2117961
9.4.2025,1095520,1092457,2187977
10.4.2025,1072307,1069345,2141652
11.4.2025,999634,993281,1992915
12.4.2025,633817,620702,1254519
13.4.2025,532090,520708,1052798
14.4.2025,1061256,1056233,2117489
15.4.2025,1116160,1111524,2227684
16.4.2025,1141702,1131074,2272776
17.4.2025,963897,953649,1917546
18.4.2025,527402,514137,1041539
19.4.2025,510694,500064,1010758
20.4.2025,476935,466252,943187
21.4.2025,382477,376016,758493
22.4.2025,1059628,1052629,2112257
23.4.2025,1115836,1106355,2222191
24.4.2025,1081869,1056728,2138597
25.4.2025,1016849,986160,2003009
26.4.2025,634420,619773,1254193
27.4.2025,498578,488731,987309
28.4.2025,1053664,1046182,2099846
29.4.2025,1104013,1090687,2194700
30.4.2025,1108765,1095910,2204675
1.5.2025,572154,556216,1128370
2.5.2025,857674,842874,1700548
3.5.2025,534912,521548,1056460
4.5.2025,506359,497277,1003636
5.5.2025,1022213,1016492,2038705
6.5.2025,1047851,1040845,2088696
7.5.2025,1057074,1052487,2109561
8.5.2025,509425,501631,1011056
9.5.2025,781762,771914,1553676
10.5.2025,528783,516971,1045754
11.5.2025,463061,450325,913386
12.5.2025,1022799,1009541,2032340
13.5.2025,1055577,1045279,2100856
14.5.2025,1091009,1075704,2166713
15.5.2025,1056110,1045573,2101683
16.5.2025,969195,956453,1925648
17.5.2025,594705,580697,1175402
18.5.2025,494068,481171,975239
19.5.2025,995012,985403,1980415
20.5.2025,1040992,1027532,2068524
21.5.2025,1053611,1042714,2096325
22.5.2025,1019531,1005810,2025341
23.5.2025,949020,939925,1888945
24.5.2025,569120,557824,1126944
25.5.2025,459423,447320,906743
26.5.2025,991470,979796,1971266
27.5.2025,1043420,1032227,2075647
28.5.2025,1055335,1040346,2095681
29.5.2025,1039503,1029051,2068554
30.5.2025,990989,979614,1970603
31.5.2025,707173,692208,1399381
1.6.2025,480199,468990,949189
2.6.2025,1013406,999656,2013062
3.6.2025,1052909,1045737,2098646
4.6.2025,1071217,1065184,2136401
5.6.2025,1032622,1021678,2054300
6.6.2025,958963,951904,1910867
7.6.2025,561826,543176,1105002
8.6.2025,484634,474995,959629
9.6.2025,1114651,1112473,2227124
10.6.2025,1091983,1085075,2177058
11.6.2025,1142202,1144694,2286896
12.6.2025,1046369,1043066,2089435
13.6.2025,956571,949902,1906473
14.6.2025,605215,594136,1199351
15.6.2025,578475,573232,1151707
16.6.2025,1010716,1000409,2011125
17.6.2025,1061369,1058433,2119802
18.6.2025,1092922,1089277,2182199
19.6.2025,1073731,1067754,2141485
20.6.2025,956117,948046,1904163
21.6.2025,569145,560837,1129982
22.6.2025,491267,486458,977725
23.6.2025,1001204,990751,1991955
24.6.2025,1063707,1055779,2119486
25.6.2025,1056712,1053516,2110228
26.6.2025,1135462,1125322,2260784
27.6.2025,950634,938331,1888965
28.6.2025,522494,516096,1038590
29.6.2025,451479,447569,899048
30.6.2025,862585,857878,1720463
1.7.2025,873719,863050,1736769
2.7.2025,855280,843431,1698711
3.7.2025,689328,679939,1369267
4.7.2025,616865,610941,1227806
5.7.2025,391732,389409,781141
6.7.2025,357311,351324,708635
7.7.2025,811058,804049,1615107
8.7.2025,843105,829343,1672448
9.7.2025,862881,858637,1721518
10.7.2025,844436,836515,1680951
11.7.2025,755570,748475,1504045
12.7.2025,457579,447780,905359
13.7.2025,433088,422301,855389
14.7.2025,840387,832151,1672538
